Only Alpha:
- Total: 62.22420953364442
- RGB:  81.95107375985083
- A: 3.0436168550251996

50/50 RGB & A:
 - Total: 29.814265150579697
 - RGB:  38.09793708689677
 - A: 4.963249341628476

FIRST??:
 - Total: 23.570023644603705
 - RGB:  30.06711583067767
 - A:  4.078747086381802


Correct Full Train:
 - Total: 22.78764790659046
 - RGB: 29.061240378544515
 - A: 3.9668704907282946
